1,62,372
1,62,373
1,62,374
1,62,375
1,62,376
1,63,376
1,64,376
1,65,376
1,66,375
1,67,375
1,68,375
1,69,375
1,70,375
1,71,374
1,72,374
1,73,374
1,74,374
1,75,373
1,76,373
1,77,373
1,78,373
1,79,372
1,80,372
1,81,372
1,82,372
1,83,371
1,84,371
1,85,371
1,86,371
1,87,371
1,88,370
1,89,370
1,90,370
1,91,370
1,92,369
1,93,369
1,94,369
1,95,369
1,96,368
1,97,368
1,98,368
1,99,368
1,100,368
1,101,367
1,102,367
1,103,367
1,104,367
1,105,366
1,106,366
1,107,366
1,108,366
1,109,365
1,110,365
1,111,365
1,112,365
1,113,364
1,114,364
1,115,364
1,116,364
1,117,364
1,118,363
1,119,363
1,120,363
1,121,363
1,122,362
1,123,362
1,124,362
1,125,362
1,126,361
1,127,361
1,128,361
1,129,361
1,130,361
1,131,360
1,132,360
1,133,360
1,134,360
1,135,359
1,136,359
1,137,359
1,138,359
1,139,358
1,140,358
1,141,358
1,142,358
1,143,357
1,144,357
1,145,357
1,146,357
1,147,357
1,148,356
1,149,356
1,150,356
1,151,356
1,152,355
1,153,355
1,154,355
1,155,355
1,156,354
1,157,354
1,158,354
1,159,354
1,160,354
1,161,353
1,162,353
1,163,353
1,164,353
1,165,352
1,166,352
1,167,352
1,168,352
1,169,351
1,170,351
1,171,351
1,172,351
1,173,350
1,174,350
1,175,350
1,176,350
1,177,350
1,178,349
1,179,349
1,180,349
1,181,349
1,182,348
1,183,348
1,184,348
1,185,348
1,186,347
1,187,347
1,188,347
1,189,347
1,190,346
1,191,346
1,192,346
1,193,346
1,194,346
1,195,345
1,196,345
1,197,345
1,198,345
1,199,344
1,200,344
1,201,344
1,202,344
1,203,343
1,204,343
1,205,343
1,206,343
1,207,343
1,208,342
1,209,342
1,210,342
1,211,342
1,212,341
1,213,341
1,214,341
1,215,341
1,216,340
1,217,340
1,218,340
1,219,340
1,220,339
1,221,339
1,222,339
1,223,339
1,224,339
1,225,338
1,226,338
1,227,338
1,228,338
1,229,337
1,230,337
1,231,337
1,232,337
1,233,336
1,234,336
1,235,336
1,236,336
1,237,336
1,238,335
1,239,335
1,240,335
1,241,335
1,242,334
1,243,334
1,244,334
1,245,334
1,246,333
1,247,333
1,248,333
1,249,333
1,250,332
1,251,332
1,252,332
1,253,332
1,254,332
1,255,331
1,256,331
1,257,331
1,258,331
1,259,330
1,260,330
1,261,330
1,262,330
1,263,329
1,264,329
1,265,329
1,266,329
1,267,329
1,268,328
1,269,328
1,270,328
1,271,328
1,272,327
1,273,327
1,274,327
1,275,327
1,276,326
1,277,326
1,278,326
1,279,326
1,280,325
1,281,325
1,282,325
1,282,323
1,281,323
1,280,323
1,279,322
1,278,322
1,277,322
1,276,321
1,275,321
1,274,321
1,273,320
1,272,320
1,271,319
1,270,319
1,269,319
1,268,318
1,267,318
1,266,318
1,265,317
1,264,317
1,263,317
1,262,316
1,261,316
1,260,315
1,259,315
1,258,315
1,257,314
1,256,314
1,255,314
1,254,313
1,253,313
1,252,313
1,251,312
1,250,312
1,249,312
1,248,311
1,247,311
1,246,310
1,245,310
1,244,310
1,243,309
1,242,309
1,241,309
1,240,308
1,239,308
1,238,308
1,237,307
1,236,307
1,235,306
1,234,306
1,233,306
1,232,305
1,231,305
1,230,305
1,229,304
1,228,304
1,227,304
1,226,303
1,225,303
1,224,302
1,223,302
1,222,302
1,221,301
1,220,301
1,219,301
1,218,300
1,217,300
1,216,300
1,215,299
1,214,299
1,213,298
1,212,298
1,211,298
1,210,297
1,209,297
1,208,297
1,207,296
1,206,296
1,205,296
1,204,295
1,203,295
1,202,295
1,201,294
1,200,294
1,199,293
1,198,293
1,197,293
1,196,292
1,195,292
1,194,292
1,193,291
1,192,291
1,191,291
1,190,290
1,189,290
1,188,289
1,187,289
1,186,289
1,185,288
1,184,288
1,183,288
1,182,287
1,181,287
1,180,287
1,179,286
1,178,286
1,177,285
1,176,285
1,175,285
1,174,284
1,173,284
1,172,284
1,171,283
1,170,283
1,169,283
1,168,282
1,167,282
1,166,281
1,165,281
1,164,281
1,163,280
1,162,280
1,161,280
1,160,279
1,159,279
1,158,279
1,157,278
1,156,278
1,155,278
1,154,277
1,153,277
1,153,276
1,153,275
1,154,275
1,154,274
1,155,274
1,156,274
1,156,273
1,157,273
1,157,272
1,158,272
1,158,271
1,159,271
1,159,270
1,160,270
1,161,270
1,161,269
1,162,269
1,162,268
1,163,268
1,163,267
1,164,267
1,164,266
1,165,266
1,166,266
1,166,265
1,167,265
1,167,264
1,168,264
1,168,263
1,169,263
1,170,263
1,170,262
1,171,262
1,171,261
1,172,261
1,172,260
1,173,260
1,173,259
1,174,259
1,175,259
1,175,258
1,176,258
1,176,257
1,177,257
1,177,256
1,178,256
1,178,255
1,179,255
1,180,255
1,180,254
1,181,254
1,181,253
1,182,253
1,182,252
1,183,252
1,184,252
1,184,251
1,185,251
1,185,250
1,186,250
1,186,249
1,187,249
1,187,248
1,188,248
1,189,248
1,189,247
1,190,247
1,190,246
1,191,246
1,191,245
1,192,245
1,192,244
1,193,244
1,194,244
1,194,243
1,195,243
1,195,242
1,196,242
1,196,241
1,197,241
1,198,241
1,198,240
1,199,240
1,199,239
1,200,239
1,200,238
1,201,238
1,201,237
1,202,237
1,203,237
1,203,236
1,204,236
1,204,235
1,205,235
1,205,234
1,206,234
1,206,233
1,207,233
1,208,233
1,208,232
1,209,232
1,209,231
1,210,231
1,210,230
1,211,230
1,212,230
1,212,229
1,213,229
1,213,228
1,214,228
1,214,227
1,215,227
1,215,226
1,216,226
1,217,226
1,217,225
1,218,225
1,218,224
1,219,224
1,219,223
1,220,223
1,220,222
1,221,222
1,222,222
1,222,221
1,223,221
1,223,220
1,224,220
1,224,219
1,225,219
1,226,219
1,226,218
1,227,218
1,227,217
1,228,217
1,228,216
1,229,216
1,229,215
1,230,215
1,231,215
1,231,214
1,232,214
1,232,213
1,233,213
1,233,212
1,234,212
1,234,211
1,235,211
1,236,211
1,236,210
1,237,210
1,237,209
1,238,209
1,238,208
1,239,208
1,240,208
1,240,207
1,241,207
1,241,206
1,242,206
1,242,205
1,243,205
1,243,204
1,244,204
1,245,204
1,245,203
1,246,203
1,246,202
1,247,202
1,247,201
1,248,201
1,248,200
1,249,200
1,250,200
1,250,199
1,251,199
1,251,198
1,252,198
1,252,197
1,253,197
1,254,197
1,254,196
1,255,196
1,255,195
1,256,195
1,256,194
1,257,194
1,257,193
1,258,193
1,259,193
1,259,192
1,260,192
1,260,191
1,261,191
1,261,190
1,262,190
1,262,189
1,263,189
1,264,189
1,264,188
1,265,188
1,265,187
1,266,187
1,266,186
1,267,186
1,268,186
1,268,185
1,269,185
1,269,184
1,270,184
1,270,183
1,271,183
1,271,182
1,272,182
1,273,182
1,273,181
1,274,181
1,274,180
1,275,180
1,275,179
1,276,179
1,277,179
1,277,178
1,278,178
1,278,177
1,279,177
1,279,176
1,280,176
1,280,175
1,281,175
1,282,175
1,282,174
1,283,174
1,283,173
1,284,173
1,284,172
1,285,172
1,285,171
1,285,170
1,284,170
1,284,169
1,283,169
1,283,168
1,282,168
1,281,168
1,281,167
1,280,167
1,279,167
1,279,166
1,278,166
1,278,165
1,277,165
1,276,165
1,276,164
1,275,164
1,275,163
1,274,163
1,273,163
1,273,162
1,272,162
1,272,161
1,271,161
1,270,161
1,270,160
1,269,160
1,269,159
1,268,159
1,267,159
1,267,158
1,266,158
1,265,158
1,265,157
1,264,157
1,264,156
1,263,156
1,262,156
1,262,155
1,261,155
1,261,154
1,260,154
1,259,154
1,259,153
1,258,153
1,258,152
1,257,152
1,256,152
1,256,151
1,255,151
1,255,150
1,254,150
1,253,150
1,253,149
1,252,149
1,251,149
1,251,148
1,250,148
1,250,147
1,249,147
1,248,147
1,248,146
1,247,146
1,247,145
1,246,145
1,245,145
1,245,144
1,244,144
1,244,143
1,243,143
1,242,143
1,242,142
1,241,142
1,241,141
1,240,141
1,239,141
1,239,140
1,238,140
1,237,140
1,237,139
1,236,139
1,236,138
1,235,138
1,234,138
1,234,137
1,233,137
1,233,136
1,232,136
1,231,136
1,231,135
1,230,135
1,230,134
1,229,134
1,228,134
1,228,133
1,227,133
1,226,133
1,226,132
1,225,132
1,225,131
1,224,131
1,223,131
1,223,130
1,222,130
1,222,129
1,221,129
1,220,129
1,220,128
1,219,128
1,219,127
1,218,127
1,217,127
1,217,126
1,216,126
1,216,125
1,215,125
1,214,125
1,214,124
1,213,124
1,212,124
1,212,123
1,211,123
1,211,122
1,210,122
1,209,122
1,209,121
1,208,121
1,208,120
1,207,120
1,206,120
1,206,119
1,205,119
1,205,118
1,204,118
1,203,118
1,203,117
1,202,117
1,202,116
1,201,116
1,200,116
1,200,115
1,199,115
1,198,115
1,198,114
1,197,114
1,197,113
1,196,113
1,195,113
1,195,112
1,194,112
1,194,111
1,193,111
1,192,111
1,192,110
1,191,110
1,191,109
1,190,109
1,189,109
1,189,108
1,188,108
1,188,107
1,187,107
1,186,107
1,186,106
1,185,106
1,184,106
1,184,105
1,183,105
1,183,104
1,182,104
1,181,104
1,181,103
1,180,103
1,180,102
1,179,102
1,178,102
1,178,101
1,177,101
1,177,100
1,176,100
1,175,100
1,175,99
1,174,99
1,173,99
1,173,98
1,172,98
1,172,97
1,171,97
1,170,97
1,170,96
1,169,96
1,169,95
1,168,95
1,167,95
1,167,94
1,166,94
1,166,93
1,165,93
1,164,93
1,164,92
1,163,92
1,163,91
1,162,91
1,161,91
1,161,90
1,160,90
1,159,90
1,159,89
1,158,89
1,158,88
1,157,88
1,156,88
1,156,87
1,155,87
1,155,86
1,154,86
1,153,86
1,153,85
1,152,85
1,152,84
1,151,84
1,150,84
1,150,83
1,149,83
1,149,82
1,148,82
1,147,82
1,147,81
1,146,81
1,145,81
1,145,80
1,144,80
1,144,79
1,143,79
1,142,79
1,142,78
1,141,78
1,141,77
1,140,77
1,139,77
1,139,76
1,138,76
1,138,75
1,137,75
1,136,75
1,136,74
1,135,74
1,135,73
1,134,73
1,133,73
1,133,72
1,132,72
1,131,72
1,131,71
1,130,71
1,130,70
1,129,70
1,128,70
1,128,69
1,127,69
1,127,68
1,126,68
1,125,68
1,125,67
1,124,67
1,123,67
1,123,68
1,122,68
1,122,69
1,122,70
1,122,71
1,122,72
1,121,73
1,121,74
1,121,75
1,121,76
1,121,77
1,120,78
1,120,79
1,120,80
1,120,81
1,120,82
1,119,83
1,119,84
1,119,85
1,119,86
1,119,87
1,118,88
1,118,89
1,118,90
1,118,91
1,118,92
1,117,93
1,117,94
1,117,95
1,117,96
1,117,97
1,116,98
1,116,99
1,116,100
1,116,101
1,116,102
1,115,103
1,115,104
1,115,105
1,115,106
1,115,107
1,114,108
1,114,109
1,114,110
1,114,111
1,114,112
1,113,113
1,113,114
1,113,115
1,113,116
1,113,117
1,112,118
1,112,119
1,112,120
1,112,121
1,112,122
1,111,123
1,111,124
1,111,125
1,111,126
1,111,127
1,110,128
1,110,129
1,110,130
1,110,131
1,110,132
1,110,133
1,109,134
1,109,135
1,109,136
1,109,137
1,109,138
1,108,139
1,108,140
1,108,141
1,108,142
1,108,143
1,107,144
1,107,145
1,107,146
1,107,147
1,107,148
1,106,149
1,106,150
1,106,151
1,106,152
1,106,153
1,105,154
1,105,155
1,105,156
1,105,157
1,105,158
1,104,159
1,104,160
1,104,161
1,104,162
1,104,163
1,103,164
1,103,165
1,103,166
1,103,167
1,103,168
1,102,169
1,102,170
1,102,171
1,102,172
1,102,173
1,101,174
1,101,175
1,101,176
1,101,177
1,101,178
1,100,179
1,100,180
1,100,181
1,100,182
1,100,183
1,99,184
1,99,185
1,99,186
1,99,187
1,99,188
1,98,189
1,98,190
1,98,191
1,98,192
1,98,193
1,98,194
1,97,195
1,97,196
1,97,197
1,97,198
1,97,199
1,96,200
1,96,201
1,96,202
1,96,203
1,96,204
1,95,205
1,95,206
1,95,207
1,95,208
1,95,209
1,94,210
1,94,211
1,94,212
1,94,213
1,94,214
1,93,215
1,93,216
1,93,217
1,93,218
1,93,219
1,92,220
1,92,221
1,92,222
1,92,223
1,92,224
1,91,225
1,91,226
1,91,227
1,91,228
1,91,229
1,90,230
1,90,231
1,90,232
1,90,233
1,90,234
1,89,235
1,89,236
1,89,237
1,89,238
1,89,239
1,88,240
1,88,241
1,88,242
1,88,243
1,88,244
1,87,245
1,87,246
1,87,247
1,87,248
1,87,249
1,86,250
1,86,251
1,86,252
1,86,253
1,86,254
1,86,255
1,85,256
1,85,257
1,85,258
1,85,259
1,85,260
1,84,261
1,84,262
1,84,263
1,84,264
1,84,265
1,83,266
1,83,267
1,83,268
1,83,269
1,83,270
1,82,271
1,82,272
1,82,273
1,82,274
1,82,275
1,81,276
1,81,277
1,81,278
1,81,279
1,81,280
1,80,281
1,80,282
1,80,283
1,80,284
1,80,285
1,79,286
1,79,287
1,79,288
1,79,289
1,79,290
1,78,291
1,78,292
1,78,293
1,78,294
1,78,295
1,77,296
1,77,297
1,77,298
1,77,299
1,77,300
1,76,301
1,76,302
1,76,303
1,76,304
1,76,305
1,75,306
1,75,307
1,75,308
1,75,309
1,75,310
1,74,311
1,74,312
1,74,313
1,74,314
1,74,315
1,74,316
1,73,317
1,73,318
1,73,319
1,73,320
1,73,321
1,72,322
1,72,323
1,72,324
1,72,325
1,72,326
1,71,327
1,71,328
1,71,329
1,71,330
1,71,331
1,70,332
1,70,333
1,70,334
1,70,335
1,70,336
1,69,337
1,69,338
1,69,339
1,69,340
1,69,341
1,68,342
1,68,343
1,68,344
1,68,345
1,68,346
1,67,347
1,67,348
1,67,349
1,67,350
1,67,351
1,66,352
1,66,353
1,66,354
1,66,355
1,66,356
1,65,357
1,65,358
1,65,359
1,65,360
1,65,361
1,64,362
1,64,363
1,64,364
1,64,365
1,64,366
1,63,367
1,63,368
1,63,369
1,63,370
1,63,371
2,67,371
2,67,370
2,67,369
2,67,368
2,67,367
2,68,366
2,68,365
2,68,364
2,68,363
2,68,362
2,69,361
2,69,360
2,69,359
2,69,358
2,69,357
2,69,356
2,70,355
2,70,354
2,70,353
2,70,352
2,70,351
2,71,350
2,71,349
2,71,348
2,71,347
2,71,346
2,72,345
2,72,344
2,72,343
2,72,342
2,72,341
2,73,340
2,73,339
2,73,338
2,73,337
2,73,336
2,74,335
2,74,334
2,74,333
2,74,332
2,74,331
2,75,330
2,75,329
2,75,328
2,75,327
2,75,326
2,76,325
2,76,324
2,76,323
2,76,322
2,76,321
2,77,320
2,77,319
2,77,318
2,77,317
2,77,316
2,78,315
2,78,314
2,78,313
2,78,312
2,78,311
2,79,310
2,79,309
2,79,308
2,79,307
2,79,306
2,80,305
2,80,304
2,80,303
2,80,302
2,80,301
2,81,300
2,81,299
2,81,298
2,81,297
2,81,296
2,81,295
2,82,294
2,82,293
2,82,292
2,82,291
2,82,290
2,83,289
2,83,288
2,83,287
2,83,286
2,83,285
2,84,284
2,84,283
2,84,282
2,84,281
2,84,280
2,85,279
2,85,278
2,85,277
2,85,276
2,85,275
2,86,274
2,86,273
2,86,272
2,86,271
2,86,270
2,87,269
2,87,268
2,87,267
2,87,266
2,87,265
2,88,264
2,88,263
2,88,262
2,88,261
2,88,260
2,89,259
2,89,258
2,89,257
2,89,256
2,89,255
2,90,254
2,90,253
2,90,252
2,90,251
2,90,250
2,91,249
2,91,248
2,91,247
2,91,246
2,91,245
2,92,244
2,92,243
2,92,242
2,92,241
2,92,240
2,93,239
2,93,238
2,93,237
2,93,236
2,93,235
2,93,234
2,94,233
2,94,232
2,94,231
2,94,230
2,94,229
2,95,228
2,95,227
2,95,226
2,95,225
2,95,224
2,96,223
2,96,222
2,96,221
2,96,220
2,96,219
2,97,218
2,97,217
2,97,216
2,97,215
2,97,214
2,98,213
2,98,212
2,98,211
2,98,210
2,98,209
2,99,208
2,99,207
2,99,206
2,99,205
2,99,204
2,100,203
2,100,202
2,100,201
2,100,200
2,100,199
2,101,198
2,101,197
2,101,196
2,101,195
2,101,194
2,102,193
2,102,192
2,102,191
2,102,190
2,102,189
2,103,188
2,103,187
2,103,186
2,103,185
2,103,184
2,104,183
2,104,182
2,104,181
2,104,180
2,104,179
2,105,178
2,105,177
2,105,176
2,105,175
2,105,174
2,105,173
2,106,172
2,106,171
2,106,170
2,106,169
2,106,168
2,107,167
2,107,166
2,107,165
2,107,164
2,107,163
2,108,162
2,108,161
2,108,160
2,108,159
2,108,158
2,109,157
2,109,156
2,109,155
2,109,154
2,109,153
2,110,152
2,110,151
2,110,150
2,110,149
2,110,148
2,111,147
2,111,146
2,111,145
2,111,144
2,111,143
2,112,142
2,112,141
2,112,140
2,112,139
2,112,138
2,113,137
2,113,136
2,113,135
2,113,134
2,113,133
2,114,132
2,114,131
2,114,130
2,114,129
2,114,128
2,115,127
2,115,126
2,115,125
2,115,124
2,115,123
2,116,122
2,116,121
2,116,120
2,116,119
2,116,118
2,117,117
2,117,116
2,117,115
2,117,114
2,117,113
2,117,112
2,118,111
2,118,110
2,118,109
2,118,108
2,118,107
2,119,106
2,119,105
2,119,104
2,119,103
2,119,102
2,120,101
2,120,100
2,120,99
2,120,98
2,120,97
2,121,96
2,121,95
2,121,94
2,121,93
2,121,92
2,122,91
2,122,90
2,122,89
2,122,88
2,122,87
2,123,86
2,123,85
2,123,84
2,123,83
2,123,82
2,124,81
2,124,80
2,124,79
2,124,78
2,124,77
2,125,76
2,125,75
2,125,74
2,126,74
2,126,73
2,127,73
2,128,73
2,128,74
2,129,74
2,129,75
2,130,75
2,131,75
2,131,76
2,132,76
2,132,77
2,133,77
2,134,77
2,134,78
2,135,78
2,135,79
2,136,79
2,137,79
2,137,80
2,138,80
2,138,81
2,139,81
2,140,81
2,140,82
2,141,82
2,142,82
2,142,83
2,143,83
2,143,84
2,144,84
2,145,84
2,145,85
2,146,85
2,146,86
2,147,86
2,148,86
2,148,87
2,149,87
2,149,88
2,150,88
2,151,88
2,151,89
2,152,89
2,152,90
2,153,90
2,154,90
2,154,91
2,155,91
2,156,91
2,156,92
2,157,92
2,157,93
2,158,93
2,159,93
2,159,94
2,160,94
2,160,95
2,161,95
2,162,95
2,162,96
2,163,96
2,163,97
2,164,97
2,165,97
2,165,98
2,166,98
2,166,99
2,167,99
2,168,99
2,168,100
2,169,100
2,170,100
2,170,101
2,171,101
2,171,102
2,172,102
2,173,102
2,173,103
2,174,103
2,174,104
2,175,104
2,176,104
2,176,105
2,177,105
2,177,106
2,178,106
2,179,106
2,179,107
2,180,107
2,181,107
2,181,108
2,182,108
2,182,109
2,183,109
2,184,109
2,184,110
2,185,110
2,185,111
2,186,111
2,187,111
2,187,112
2,188,112
2,188,113
2,189,113
2,190,113
2,190,114
2,191,114
2,191,115
2,192,115
2,193,115
2,193,116
2,194,116
2,195,116
2,195,117
2,196,117
2,196,118
2,197,118
2,198,118
2,198,119
2,199,119
2,199,120
2,200,120
2,201,120
2,201,121
2,202,121
2,202,122
2,203,122
2,204,122
2,204,123
2,205,123
2,205,124
2,206,124
2,207,124
2,207,125
2,208,125
2,209,125
2,209,126
2,210,126
2,210,127
2,211,127
2,212,127
2,212,128
2,213,128
2,213,129
2,214,129
2,215,129
2,215,130
2,216,130
2,216,131
2,217,131
2,218,131
2,218,132
2,219,132
2,219,133
2,220,133
2,221,133
2,221,134
2,222,134
2,223,134
2,223,135
2,224,135
2,224,136
2,225,136
2,226,136
2,226,137
2,227,137
2,227,138
2,228,138
2,229,138
2,229,139
2,230,139
2,230,140
2,231,140
2,232,140
2,232,141
2,233,141
2,234,141
2,234,142
2,235,142
2,235,143
2,236,143
2,237,143
2,237,144
2,238,144
2,238,145
2,239,145
2,240,145
2,240,146
2,241,146
2,241,147
2,242,147
2,243,147
2,243,148
2,244,148
2,244,149
2,245,149
2,246,149
2,246,150
2,247,150
2,248,150
2,248,151
2,249,151
2,249,152
2,250,152
2,251,152
2,251,153
2,252,153
2,252,154
2,253,154
2,254,154
2,254,155
2,255,155
2,255,156
2,256,156
2,257,156
2,257,157
2,258,157
2,258,158
2,259,158
2,260,158
2,260,159
2,261,159
2,262,159
2,262,160
2,263,160
2,263,161
2,264,161
2,265,161
2,265,162
2,266,162
2,266,163
2,267,163
2,268,163
2,268,164
2,269,164
2,269,165
2,270,165
2,271,165
2,271,166
2,272,166
2,272,167
2,273,167
2,274,167
2,274,168
2,275,168
2,276,168
2,276,169
2,277,169
2,277,170
2,278,170
2,278,171
2,278,172
2,278,173
2,277,173
2,277,174
2,276,174
2,275,174
2,275,175
2,274,175
2,274,176
2,273,176
2,273,177
2,272,177
2,272,178
2,271,178
2,270,178
2,270,179
2,269,179
2,269,180
2,268,180
2,268,181
2,267,181
2,267,182
2,266,182
2,265,182
2,265,183
2,264,183
2,264,184
2,263,184
2,263,185
2,262,185
2,261,185
2,261,186
2,260,186
2,260,187
2,259,187
2,259,188
2,258,188
2,258,189
2,257,189
2,256,189
2,256,190
2,255,190
2,255,191
2,254,191
2,254,192
2,253,192
2,253,193
2,252,193
2,251,193
2,251,194
2,250,194
2,250,195
2,249,195
2,249,196
2,248,196
2,247,196
2,247,197
2,246,197
2,246,198
2,245,198
2,245,199
2,244,199
2,244,200
2,243,200
2,242,200
2,242,201
2,241,201
2,241,202
2,240,202
2,240,203
2,239,203
2,239,204
2,238,204
2,237,204
2,237,205
2,236,205
2,236,206
2,235,206
2,235,207
2,234,207
2,233,207
2,233,208
2,232,208
2,232,209
2,231,209
2,231,210
2,230,210
2,230,211
2,229,211
2,228,211
2,228,212
2,227,212
2,227,213
2,226,213
2,226,214
2,225,214
2,225,215
2,224,215
2,223,215
2,223,216
2,222,216
2,222,217
2,221,217
2,221,218
2,220,218
2,219,218
2,219,219
2,218,219
2,218,220
2,217,220
2,217,221
2,216,221
2,216,222
2,215,222
2,214,222
2,214,223
2,213,223
2,213,224
2,212,224
2,212,225
2,211,225
2,211,226
2,210,226
2,209,226
2,209,227
2,208,227
2,208,228
2,207,228
2,207,229
2,206,229
2,205,229
2,205,230
2,204,230
2,204,231
2,203,231
2,203,232
2,202,232
2,202,233
2,201,233
2,200,233
2,200,234
2,199,234
2,199,235
2,198,235
2,198,236
2,197,236
2,197,237
2,196,237
2,195,237
2,195,238
2,194,238
2,194,239
2,193,239
2,193,240
2,192,240
2,191,240
2,191,241
2,190,241
2,190,242
2,189,242
2,189,243
2,188,243
2,188,244
2,187,244
2,186,244
2,186,245
2,185,245
2,185,246
2,184,246
2,184,247
2,183,247
2,183,248
2,182,248
2,181,248
2,181,249
2,180,249
2,180,250
2,179,250
2,179,251
2,178,251
2,177,251
2,177,252
2,176,252
2,176,253
2,175,253
2,175,254
2,174,254
2,174,255
2,173,255
2,172,255
2,172,256
2,171,256
2,171,257
2,170,257
2,170,258
2,169,258
2,168,258
2,168,259
2,167,259
2,167,260
2,166,260
2,166,261
2,165,261
2,165,262
2,164,262
2,163,262
2,163,263
2,162,263
2,162,264
2,161,264
2,161,265
2,160,265
2,160,266
2,159,266
2,158,266
2,158,267
2,157,267
2,157,268
2,156,268
2,156,269
2,155,269
2,154,269
2,154,270
2,153,270
2,153,271
2,152,271
2,152,272
2,151,272
2,151,273
2,150,273
2,149,273
2,149,274
2,148,274
2,148,275
2,147,275
2,147,276
2,146,276
2,146,277
2,146,278
2,147,278
2,147,279
2,148,279
2,149,279
2,150,280
2,151,280
2,152,280
2,153,281
2,154,281
2,155,282
2,156,282
2,157,282
2,158,283
2,159,283
2,160,283
2,161,284
2,162,284
2,163,284
2,164,285
2,165,285
2,166,286
2,167,286
2,168,286
2,169,287
2,170,287
2,171,287
2,172,288
2,173,288
2,174,288
2,175,289
2,176,289
2,177,289
2,178,290
2,179,290
2,180,291
2,181,291
2,182,291
2,183,292
2,184,292
2,185,292
2,186,293
2,187,293
2,188,293
2,189,294
2,190,294
2,191,295
2,192,295
2,193,295
2,194,296
2,195,296
2,196,296
2,197,297
2,198,297
2,199,297
2,200,298
2,201,298
2,202,299
2,203,299
2,204,299
2,205,300
2,206,300
2,207,300
2,208,301
2,209,301
2,210,301
2,211,302
2,212,302
2,213,303
2,214,303
2,215,303
2,216,304
2,217,304
2,218,304
2,219,305
2,220,305
2,221,305
2,222,306
2,223,306
2,224,306
2,225,307
2,226,307
2,227,308
2,228,308
2,229,308
2,230,309
2,231,309
2,232,309
2,233,310
2,234,310
2,235,310
2,236,311
2,237,311
2,238,312
2,239,312
2,240,312
2,241,313
2,242,313
2,243,313
2,244,314
2,245,314
2,246,314
2,247,315
2,248,315
2,249,316
2,250,316
2,251,316
2,252,317
2,253,317
2,254,317
2,255,318
2,256,318
2,257,318
2,258,319
2,259,319
2,260,320
2,261,320
2,262,320
2,263,321
2,264,321
2,265,321
2,266,322
2,267,322
2,268,322
2,268,323
2,268,324
2,267,325
2,266,325
2,265,325
2,264,325
2,263,326
2,262,326
2,261,326
2,260,326
2,259,326
2,258,327
2,257,327
2,256,327
2,255,327
2,254,328
2,253,328
2,252,328
2,251,328
2,250,329
2,249,329
2,248,329
2,247,329
2,246,330
2,245,330
2,244,330
2,243,330
2,242,330
2,241,331
2,240,331
2,239,331
2,238,331
2,237,332
2,236,332
2,235,332
2,234,332
2,233,333
2,232,333
2,231,333
2,230,333
2,229,334
2,228,334
2,227,334
2,226,334
2,225,334
2,224,335
2,223,335
2,222,335
2,221,335
2,220,336
2,219,336
2,218,336
2,217,336
2,216,337
2,215,337
2,214,337
2,213,337
2,212,337
2,211,338
2,210,338
2,209,338
2,208,338
2,207,339
2,206,339
2,205,339
2,204,339
2,203,340
2,202,340
2,201,340
2,200,340
2,199,341
2,198,341
2,197,341
2,196,341
2,195,341
2,194,342
2,193,342
2,192,342
2,191,342
2,190,343
2,189,343
2,188,343
2,187,343
2,186,344
2,185,344
2,184,344
2,183,344
2,182,344
2,181,345
2,180,345
2,179,345
2,178,345
2,177,346
2,176,346
2,175,346
2,174,346
2,173,347
2,172,347
2,171,347
2,170,347
2,169,348
2,168,348
2,167,348
2,166,348
2,165,348
2,164,349
2,163,349
2,162,349
2,161,349
2,160,350
2,159,350
2,158,350
2,157,350
2,156,351
2,155,351
2,154,351
2,153,351
2,152,351
2,151,352
2,150,352
2,149,352
2,148,352
2,147,353
2,146,353
2,145,353
2,144,353
2,143,354
2,142,354
2,141,354
2,140,354
2,139,355
2,138,355
2,137,355
2,136,355
2,135,355
2,134,356
2,133,356
2,132,356
2,131,356
2,130,357
2,129,357
2,128,357
2,127,357
2,126,358
2,125,358
2,124,358
2,123,358
2,122,359
2,121,359
2,120,359
2,119,359
2,118,359
2,117,360
2,116,360
2,115,360
2,114,360
2,113,361
2,112,361
2,111,361
2,110,361
2,109,362
2,108,362
2,107,362
2,106,362
2,105,362
2,104,363
2,103,363
2,102,363
2,101,363
2,100,364
2,99,364
2,98,364
2,97,364
2,96,365
2,95,365
2,94,365
2,93,365
2,92,366
2,91,366
2,90,366
2,89,366
2,88,366
2,87,367
2,86,367
2,85,367
2,84,367
2,83,368
2,82,368
2,81,368
2,80,368
2,79,369
2,78,369
2,77,369
2,76,369
2,75,369
2,74,370
2,73,370
2,72,370
2,71,370
2,70,371
2,69,371
2,68,371
